	airplane-b	airplane-s	apartment-b	apartment-s	apple-b	apple-s	banana-b	banana-s	bar-b	bar-s	beach-b	beach-s	canary-b	canary-s	car-b	car-s	carrot-b	carrot-s	cat-b	cat-s	cathedral-b	cathedral-s	cheerfulness-b	cheerfulness-s	cherry-b	cherry-s	comb-b	comb-s	crow-b	crow-s	democracy-b	democracy-s	dog-b	dog-s	eggplant-b	eggplant-s	freedom-b	freedom-s	friendship-b	friendship-s	giraffe-b	giraffe-s	hammer-b	hammer-s	horse-b	horse-s	jealousy-b	jealousy-s	justice-b	justice-s	kiwi-b	kiwi-s	knife-b	knife-s	lawn-b	lawn-s	lettuce-b	lettuce-s	motorcycle-b	motorcycle-s	mountain-b	mountain-s	pain-b	pain-s	passion-b	passion-s	pencil-b	pencil-s	penguin-b	penguin-s	pineapple-b	pineapple-s	potato-b	potato-s	religion-b	religion-s	restaurant-b	restaurant-s	screwdriver-b	screwdriver-s	sea-b	sea-s	seagull-b	seagull-s	ship-b	ship-s	shop-b	shop-s	swan-b	swan-s	to_believe-b	to_believe-s	to_catch_sight_of-b	to_catch_sight_of-s	to_doubt-b	to_doubt-s	to_eavesdrop-b	to_eavesdrop-s	to_fear-b	to_fear-s	to_feel-b	to_feel-s	to_glimpse-b	to_glimpse-s	to_grab-b	to_grab-s	to_hate-b	to_hate-s	to_hear-b	to_hear-s	to_listen-b	to_listen-s	to_massage-b	to_massage-s	to_peep-b	to_peep-s	to_peer_at-b	to_peer_at-s	to_shout-b	to_shout-s	to_sing-b	to_sing-s	to_spot-b	to_spot-s	to_stroke-b	to_stroke-s	to_think-b	to_think-s	to_touch_lightly-b	to_touch_lightly-s	tomato-b	tomato-s	train-b	train-s	woods-b	woods-s	worry-b	worry-s	zebra-b	zebra-s
airplane-b	1.00000	0.76133	0.10486	0.12195	0.00000	0.01272	0.01135	0.01052	0.06269	0.08680	0.05442	0.05934	0.10232	0.14160	0.39457	0.24427	0.00926	0.01559	0.03190	0.05223	0.03182	0.01980	0.12558	0.09906	0.02144	0.01773	0.05926	0.10929	0.18146	0.13886	0.06809	0.12447	0.10556	0.05883	0.00000	0.00000	0.07919	0.13764	0.18989	0.22875	0.07128	0.07232	0.07701	0.06655	0.16089	0.14316	0.12393	0.15969	0.13191	0.20709	0.00780	0.01897	0.09633	0.06112	0.03200	0.00877	0.00000	0.02688	0.26015	0.32663	0.14069	0.06315	0.08292	0.09375	0.09367	0.16272	0.04743	0.05448	0.01109	0.09233	0.00433	0.00000	0.00000	0.00000	0.01062	0.11572	0.06348	0.04715	0.09095	0.10156	0.05700	0.03814	0.15797	0.19426	0.28631	0.40845	0.10704	0.12683	0.17881	0.14064	0.06162	0.14576	0.05398	0.13690	0.17220	0.17082	0.06875	0.05212	0.10375	0.08886	0.08361	0.08708	0.08797	0.08929	0.02370	0.06786	0.18795	0.18765	0.05620	0.05381	0.13554	0.08354	0.09343	0.11869	0.04784	0.07512	0.11063	0.12600	0.05024	0.08047	0.09185	0.06632	0.03816	0.09678	0.17825	0.18383	0.08352	0.08457	0.11891	0.14684	0.01050	0.02013	0.36828	0.37711	0.02065	0.03456	0.07135	0.12035	0.00000	0.01603
airplane-s	0.76133	1.00000	0.15721	0.17076	0.03681	0.06471	0.04193	0.05552	0.10366	0.13021	0.07351	0.08467	0.08498	0.14168	0.48542	0.37126	0.04887	0.04884	0.05238	0.06298	0.08394	0.06962	0.11080	0.08181	0.04921	0.05343	0.06111	0.14865	0.12217	0.10304	0.04154	0.09380	0.13283	0.10216	0.02448	0.04584	0.06595	0.11395	0.17171	0.20649	0.08540	0.07961	0.08017	0.11464	0.24069	0.23092	0.10859	0.13779	0.15347	0.22202	0.01470	0.06789	0.12645	0.10988	0.04734	0.05203	0.03249	0.08104	0.36206	0.39738	0.06886	0.05380	0.06873	0.07983	0.07721	0.16555	0.05362	0.09652	0.00000	0.09786	0.02200	0.03923	0.04228	0.04083	0.02602	0.10733	0.11214	0.09000	0.09406	0.11817	0.08941	0.06305	0.11986	0.16950	0.42295	0.55607	0.15931	0.19115	0.12221	0.12912	0.06116	0.14499	0.05153	0.12227	0.15953	0.16943	0.07483	0.06983	0.10341	0.09152	0.10252	0.09560	0.08507	0.09612	0.03215	0.09434	0.16100	0.17698	0.05647	0.07241	0.12715	0.10193	0.10719	0.15503	0.06084	0.08845	0.11357	0.11869	0.06310	0.09492	0.10565	0.08675	0.03697	0.11194	0.18173	0.19113	0.09374	0.10622	0.12103	0.15004	0.07912	0.09418	0.46027	0.49346	0.02247	0.05898	0.05914	0.10659	0.00467	0.02265
apartment-b	0.10486	0.15721	1.00000	0.85730	0.02479	0.05121	0.03510	0.02642	0.23142	0.24570	0.13932	0.19773	0.14795	0.17091	0.13778	0.12037	0.03182	0.02959	0.11840	0.14204	0.12867	0.21306	0.08680	0.08740	0.05273	0.06158	0.03036	0.08928	0.08430	0.07737	0.04455	0.07126	0.12657	0.13546	0.01594	0.02877	0.08232	0.15483	0.12915	0.17543	0.11066	0.09254	0.05308	0.11117	0.11974	0.13123	0.08167	0.11620	0.16296	0.13750	0.01340	0.05497	0.10852	0.13871	0.12315	0.16659	0.02115	0.07224	0.09359	0.09408	0.20676	0.14619	0.09019	0.05123	0.07793	0.10364	0.03430	0.05417	0.16545	0.14827	0.02229	0.03203	0.02409	0.02763	0.01824	0.11211	0.31098	0.27711	0.07478	0.11094	0.12985	0.16378	0.16840	0.14989	0.09965	0.18347	0.20222	0.26027	0.12974	0.10422	0.05292	0.10014	0.03090	0.06966	0.12346	0.10908	0.08309	0.04078	0.06898	0.06359	0.04259	0.03231	0.03525	0.05915	0.00611	0.02210	0.13353	0.14378	0.05321	0.03081	0.08789	0.06035	0.05868	0.11551	0.02311	0.05241	0.07297	0.08607	0.05273	0.08313	0.05950	0.04191	0.01170	0.05025	0.12706	0.12916	0.05646	0.04304	0.09150	0.07908	0.05770	0.08283	0.07396	0.10208	0.19798	0.23306	0.05514	0.08417	0.09584	0.08088
apartment-s	0.12195	0.17076	0.85730	1.00000	0.01729	0.06024	0.01929	0.02981	0.21134	0.24980	0.11560	0.18767	0.17151	0.18213	0.15399	0.10873	0.01895	0.02323	0.10165	0.14978	0.15773	0.25509	0.09542	0.07398	0.06418	0.06960	0.01914	0.07109	0.11163	0.08405	0.06658	0.09204	0.13044	0.13824	0.01150	0.03058	0.04131	0.15236	0.15380	0.19314	0.13847	0.10893	0.05165	0.08440	0.08438	0.10763	0.08978	0.12342	0.15894	0.15569	0.01105	0.06659	0.08214	0.10571	0.11245	0.16917	0.01962	0.07061	0.10703	0.10294	0.20538	0.12247	0.06458	0.06638	0.06839	0.11617	0.03005	0.04534	0.21002	0.17858	0.01378	0.04676	0.01489	0.02518	0.00000	0.06933	0.28807	0.26482	0.06165	0.09837	0.11942	0.15158	0.19746	0.16598	0.09644	0.17987	0.19515	0.26675	0.13739	0.11272	0.03512	0.11352	0.03312	0.07898	0.13534	0.12508	0.12169	0.07791	0.07820	0.06921	0.05519	0.04491	0.04567	0.06141	0.00000	0.02154	0.15796	0.15991	0.05815	0.03991	0.10771	0.07229	0.07602	0.12965	0.04234	0.06316	0.08741	0.09124	0.04347	0.07432	0.06275	0.04872	0.00000	0.04940	0.15342	0.15800	0.04152	0.04879	0.09949	0.10044	0.04312	0.07958	0.07863	0.10012	0.17460	0.21950	0.05557	0.08697	0.12291	0.09506
apple-b	0.00000	0.03681	0.02479	0.01729	1.00000	0.76090	0.68155	0.63909	0.01859	0.00833	0.00532	0.00615	0.03607	0.07813	0.02156	0.02314	0.30317	0.18421	0.00000	0.00000	0.01374	0.00000	0.00000	0.00000	0.70795	0.62002	0.03772	0.04604	0.00000	0.00549	0.00000	0.00000	0.00000	0.00736	0.38175	0.32662	0.01440	0.00000	0.00000	0.00845	0.00631	0.03062	0.03413	0.05369	0.07720	0.05974	0.00498	0.00000	0.00000	0.02581	0.70536	0.62590	0.04831	0.10934	0.05732	0.06342	0.18085	0.21197	0.03036	0.01415	0.03257	0.04031	0.00000	0.00000	0.00000	0.00703	0.05390	0.05531	0.00000	0.00648	0.67810	0.61873	0.34017	0.31298	0.00000	0.00000	0.01078	0.02172	0.03343	0.03509	0.01607	0.00000	0.00000	0.01261	0.02179	0.04187	0.00000	0.01530	0.00000	0.01233	0.00000	0.00000	0.00000	0.00000	0.00000	0.00000	0.00000	0.00000	0.00000	0.00000	0.00490	0.00000	0.00000	0.00000	0.00000	0.01010	0.00000	0.00000	0.00000	0.00000	0.00000	0.00000	0.00000	0.01464	0.00000	0.00000	0.00000	0.00000	0.00000	0.00000	0.00000	0.01297	0.00471	0.00972	0.00000	0.00849	0.00000	0.00541	0.00000	0.00000	0.49874	0.39988	0.01468	0.03894	0.00793	0.00000	0.00000	0.00000	0.00000	0.00000
apple-s	0.01272	0.06471	0.05121	0.06024	0.76090	1.00000	0.51626	0.66661	0.01100	0.02536	0.00635	0.02301	0.13693	0.24770	0.03382	0.03953	0.14774	0.13550	0.01762	0.01669	0.03445	0.01306	0.00000	0.00000	0.64335	0.66540	0.02187	0.03958	0.00368	0.02164	0.00401	0.00000	0.03388	0.03376	0.20239	0.23231	0.01289	0.00000	0.00000	0.01362	0.02601	0.10702	0.02194	0.02760	0.04202	0.03781	0.00357	0.00000	0.01432	0.00528	0.57280	0.64973	0.02179	0.06050	0.13344	0.16747	0.11493	0.20869	0.02755	0.02787	0.01436	0.05096	0.00000	0.00000	0.00000	0.01846	0.08108	0.04848	0.00343	0.05201	0.49707	0.63400	0.19666	0.27341	0.00000	0.01101	0.00901	0.00259	0.02394	0.02714	0.01295	0.01903	0.00809	0.06596	0.02185	0.05498	0.01490	0.02481	0.00686	0.06801	0.00000	0.00000	0.00000	0.00000	0.00000	0.00000	0.00000	0.00000	0.00000	0.00000	0.00000	0.00931	0.00000	0.00000	0.00000	0.00290	0.00335	0.00278	0.00000	0.00000	0.00000	0.00000	0.00000	0.01119	0.00000	0.00000	0.00000	0.00000	0.00000	0.00721	0.00399	0.00774	0.00000	0.00557	0.00432	0.00851	0.00440	0.00000	0.01146	0.00770	0.39230	0.46802	0.00701	0.02599	0.08018	0.08866	0.00000	0.00000	0.00384	0.02851
banana-b	0.01135	0.04193	0.03510	0.01929	0.68155	0.51626	1.00000	0.73306	0.01405	0.02130	0.00544	0.00000	0.01476	0.03614	0.02415	0.02731	0.30372	0.19276	0.01208	0.00461	0.01406	0.01166	0.00000	0.00000	0.60701	0.47473	0.05052	0.06593	0.00526	0.00375	0.00000	0.00000	0.01056	0.01657	0.30642	0.25698	0.01104	0.00000	0.00000	0.01081	0.04440	0.06326	0.03133	0.06138	0.08948	0.07815	0.00000	0.00000	0.00000	0.01886	0.76166	0.57734	0.07503	0.09641	0.01047	0.01452	0.15958	0.16165	0.03106	0.01447	0.00769	0.00728	0.00000	0.00000	0.00000	0.00719	0.02205	0.05150	0.00735	0.00530	0.76426	0.55803	0.32418	0.21540	0.00000	0.01179	0.01471	0.01111	0.03761	0.06173	0.01439	0.01087	0.00770	0.01806	0.04011	0.05154	0.01891	0.01153	0.00490	0.01009	0.00000	0.00000	0.00000	0.00000	0.00000	0.00000	0.00000	0.00000	0.00000	0.00000	0.01502	0.02849	0.00000	0.00000	0.02303	0.03721	0.00000	0.00000	0.00000	0.00000	0.00000	0.00000	0.02464	0.04493	0.00000	0.00000	0.00000	0.00000	0.00000	0.00412	0.00000	0.00663	0.00000	0.00994	0.01647	0.03474	0.00000	0.00000	0.01910	0.01539	0.36821	0.22821	0.01902	0.03530	0.01216	0.01706	0.00000	0.00000	0.03834	0.05782
banana-s	0.01052	0.05552	0.02642	0.02981	0.63909	0.66661	0.73306	1.00000	0.00354	0.00962	0.00000	0.02741	0.11706	0.22000	0.02620	0.02856	0.24249	0.16328	0.01507	0.03016	0.01670	0.00000	0.00000	0.00000	0.55437	0.47806	0.02947	0.03974	0.00000	0.00668	0.00408	0.00000	0.01380	0.03706	0.23018	0.24820	0.01050	0.00000	0.00000	0.01079	0.06159	0.15050	0.01723	0.02626	0.06155	0.07042	0.00545	0.00000	0.00583	0.00807	0.66514	0.57743	0.04176	0.05775	0.02016	0.02969	0.11896	0.12236	0.01919	0.01677	0.00731	0.01556	0.00000	0.00000	0.00000	0.01367	0.03145	0.05960	0.01572	0.09882	0.66892	0.70769	0.25986	0.32851	0.00000	0.01121	0.00000	0.00000	0.02499	0.03992	0.01099	0.00930	0.00000	0.12052	0.01271	0.03675	0.00843	0.01762	0.02881	0.14884	0.00000	0.00000	0.00000	0.00000	0.00000	0.00000	0.00000	0.00000	0.00000	0.00000	0.00000	0.00000	0.00000	0.00000	0.00000	0.00442	0.00511	0.00000	0.00000	0.00000	0.00000	0.00000	0.00000	0.00641	0.00000	0.00000	0.00000	0.00000	0.00000	0.00000	0.00609	0.00630	0.00000	0.00425	0.00000	0.00929	0.00448	0.00592	0.00584	0.00941	0.29495	0.19178	0.01499	0.03485	0.09031	0.10180	0.00000	0.00000	0.02929	0.11359
bar-b	0.06269	0.10366	0.23142	0.21134	0.01859	0.01100	0.01405	0.00354	1.00000	0.75123	0.19959	0.29838	0.01368	0.01718	0.11075	0.15457	0.00749	0.00717	0.03650	0.01331	0.12742	0.18831	0.13268	0.09780	0.00639	0.00352	0.00000	0.02005	0.00000	0.00463	0.05193	0.07249	0.08482	0.01924	0.00000	0.00385	0.01214	0.06351	0.14266	0.12378	0.01464	0.00826	0.02213	0.01384	0.02169	0.01874	0.11225	0.12335	0.10951	0.12278	0.00000	0.00518	0.04147	0.09217	0.13029	0.12846	0.01270	0.02462	0.12711	0.06634	0.30409	0.23186	0.09960	0.08066	0.12786	0.13426	0.00000	0.00417	0.00605	0.00000	0.01417	0.01018	0.01276	0.01356	0.09280	0.07992	0.66589	0.59339	0.00000	0.02484	0.12532	0.10032	0.04521	0.05370	0.13773	0.10587	0.34091	0.44264	0.00000	0.01039	0.13458	0.19206	0.13230	0.14026	0.18171	0.15518	0.12420	0.06746	0.14984	0.13585	0.11658	0.06966	0.12381	0.12815	0.13892	0.10050	0.15356	0.12761	0.09966	0.04664	0.09263	0.07819	0.04974	0.07159	0.10231	0.09997	0.11322	0.14280	0.05892	0.08320	0.08329	0.03552	0.10815	0.09995	0.10941	0.10234	0.07374	0.07069	0.11354	0.09059	0.00459	0.00855	0.11219	0.11339	0.19122	0.20794	0.12206	0.16529	0.00000	0.00000
bar-s	0.08680	0.13021	0.24570	0.24980	0.00833	0.02536	0.02130	0.00962	0.75123	1.00000	0.15730	0.26815	0.06006	0.06591	0.10701	0.14629	0.01159	0.00821	0.05557	0.02776	0.15587	0.23022	0.09767	0.09927	0.03352	0.03678	0.00650	0.04167	0.01302	0.02187	0.02636	0.05707	0.09091	0.03679	0.00000	0.00882	0.03127	0.09334	0.13393	0.15374	0.02857	0.02571	0.02978	0.02332	0.04918	0.03872	0.08650	0.11357	0.11142	0.14550	0.00488	0.02322	0.05894	0.11956	0.11783	0.12061	0.01733	0.04284	0.12236	0.08067	0.28204	0.20258	0.06913	0.07080	0.09152	0.11107	0.00780	0.00717	0.00693	0.01971	0.00000	0.01798	0.01827	0.02488	0.03487	0.06493	0.62072	0.56206	0.01573	0.03963	0.12655	0.11463	0.05177	0.07991	0.11356	0.13752	0.40742	0.49679	0.00520	0.02321	0.07988	0.12577	0.04950	0.08560	0.13730	0.13967	0.09075	0.04128	0.08998	0.08334	0.07620	0.05848	0.06600	0.09411	0.07411	0.07462	0.13105	0.12998	0.08379	0.03204	0.08820	0.05555	0.05842	0.08693	0.03739	0.06899	0.07719	0.11280	0.03490	0.05323	0.07154	0.04459	0.03920	0.07036	0.12165	0.11494	0.07889	0.06463	0.09366	0.09026	0.02363	0.04615	0.08857	0.09483	0.16495	0.19448	0.06915	0.12490	0.00000	0.00877
beach-b	0.05442	0.07351	0.13932	0.11560	0.00532	0.00635	0.00544	0.00000	0.19959	0.15730	1.00000	0.82619	0.02002	0.02702	0.09020	0.07493	0.00329	0.00000	0.02367	0.01739	0.07627	0.08540	0.05139	0.05529	0.02336	0.03090	0.00332	0.02555	0.00713	0.01524	0.01554	0.02652	0.04455	0.01635	0.01668	0.02113	0.03330	0.05576	0.07039	0.09186	0.01168	0.01020	0.01943	0.00818	0.03332	0.02634	0.03684	0.05454	0.04437	0.07163	0.00000	0.00379	0.01159	0.00558	0.11173	0.10507	0.00984	0.02771	0.07864	0.04990	0.29779	0.19083	0.03533	0.02724	0.03976	0.04333	0.00000	0.00458	0.01993	0.08396	0.00691	0.01490	0.00000	0.00541	0.01909	0.04504	0.21448	0.20004	0.00464	0.01558	0.31502	0.21036	0.34987	0.30280	0.44536	0.37794	0.13682	0.17731	0.10963	0.08954	0.01921	0.04658	0.01725	0.03240	0.05553	0.05132	0.03662	0.01851	0.03209	0.02840	0.04642	0.01718	0.01874	0.02853	0.00000	0.00748	0.06481	0.06822	0.02763	0.01638	0.04420	0.03814	0.03119	0.05779	0.00956	0.02250	0.08966	0.04118	0.01784	0.02981	0.03347	0.02599	0.00436	0.05574	0.06143	0.06283	0.03123	0.03253	0.04441	0.03977	0.03523	0.03752	0.08057	0.06549	0.10446	0.11856	0.02280	0.05352	0.00495	0.00000
beach-s	0.05934	0.08467	0.19773	0.18767	0.00615	0.02301	0.00000	0.02741	0.29838	0.26815	0.82619	1.00000	0.05463	0.05763	0.08121	0.12563	0.01077	0.00959	0.01964	0.03055	0.09796	0.15598	0.03394	0.03592	0.07500	0.07489	0.00640	0.03008	0.00000	0.01762	0.05589	0.06811	0.04721	0.04462	0.03000	0.04884	0.01026	0.04535	0.05237	0.05723	0.03263	0.03404	0.02557	0.01396	0.04255	0.03763	0.03193	0.04202	0.03419	0.05257	0.00000	0.02287	0.02104	0.01397	0.13425	0.14574	0.01769	0.04484	0.10388	0.04790	0.40715	0.26029	0.02042	0.02548	0.02162	0.03673	0.01076	0.01059	0.00683	0.09242	0.00000	0.02200	0.00576	0.01459	0.02452	0.04749	0.35489	0.33989	0.01727	0.03001	0.34872	0.22193	0.28167	0.30211	0.37113	0.32660	0.23062	0.30311	0.05973	0.10416	0.01110	0.03948	0.01329	0.02497	0.04279	0.03955	0.04702	0.01426	0.02884	0.02188	0.04624	0.01324	0.01444	0.04083	0.00000	0.01008	0.05327	0.05672	0.04258	0.01735	0.03405	0.02286	0.03262	0.04871	0.00736	0.01734	0.07304	0.05288	0.01375	0.02297	0.04067	0.02311	0.00000	0.05265	0.05881	0.05568	0.01750	0.03085	0.04373	0.04060	0.06334	0.08210	0.08720	0.08138	0.15534	0.17145	0.01757	0.04430	0.00763	0.04770
canary-b	0.10232	0.08498	0.14795	0.17151	0.03607	0.13693	0.01476	0.11706	0.01368	0.06006	0.02002	0.05463	1.00000	0.87612	0.03669	0.02679	0.00334	0.01466	0.18697	0.19377	0.00431	0.00643	0.05225	0.06504	0.08709	0.08378	0.02365	0.04980	0.53042	0.50113	0.02897	0.03370	0.17636	0.17593	0.00000	0.00286	0.04401	0.11654	0.04196	0.05565	0.16407	0.21195	0.03457	0.02258	0.12876	0.11107	0.01873	0.03565	0.07708	0.05550	0.00423	0.07447	0.02019	0.02270	0.02696	0.02493	0.00000	0.02818	0.05521	0.04159	0.02828	0.03792	0.01347	0.01385	0.04518	0.02423	0.02433	0.00466	0.35131	0.36526	0.00000	0.08710	0.00000	0.07015	0.00000	0.01446	0.03212	0.00851	0.03144	0.04158	0.05953	0.10595	0.50797	0.40815	0.00820	0.05105	0.03478	0.01515	0.49543	0.39435	0.00733	0.02368	0.00585	0.01647	0.02823	0.02609	0.01241	0.00941	0.01631	0.03850	0.01151	0.00873	0.00953	0.00829	0.00770	0.01331	0.03295	0.04838	0.07023	0.01873	0.06965	0.01508	0.02719	0.03857	0.00486	0.01144	0.01823	0.01396	0.02041	0.01516	0.04320	0.02846	0.00000	0.02468	0.10505	0.10461	0.02021	0.03308	0.02760	0.02022	0.01706	0.07086	0.01473	0.01665	0.15001	0.10817	0.01159	0.01814	0.20398	0.13673
canary-s	0.14160	0.14168	0.17091	0.18213	0.07813	0.24770	0.03614	0.22000	0.01718	0.06591	0.02702	0.05763	0.87612	1.00000	0.05092	0.04542	0.02331	0.05071	0.29778	0.28825	0.02110	0.02262	0.04593	0.03571	0.09843	0.10109	0.02927	0.08375	0.47428	0.47423	0.01985	0.02709	0.27611	0.28388	0.00568	0.01295	0.04846	0.09492	0.03719	0.05390	0.20303	0.29073	0.05767	0.05327	0.23924	0.18804	0.01764	0.04029	0.04816	0.06011	0.00478	0.09625	0.03804	0.05451	0.03917	0.05501	0.00754	0.05626	0.06168	0.05515	0.03995	0.05881	0.01015	0.01490	0.03583	0.03154	0.02903	0.02457	0.35800	0.39419	0.00397	0.15550	0.00858	0.13680	0.00650	0.01816	0.04076	0.00898	0.04737	0.07211	0.04770	0.10242	0.43873	0.41836	0.01698	0.07252	0.04422	0.02055	0.46150	0.42207	0.00552	0.02141	0.00441	0.01241	0.02127	0.01966	0.00935	0.00709	0.01639	0.05439	0.01214	0.00658	0.00718	0.00625	0.00290	0.02721	0.02483	0.06327	0.05468	0.02980	0.05417	0.01136	0.01536	0.04704	0.00732	0.00862	0.01963	0.01052	0.02733	0.02427	0.02564	0.01838	0.00000	0.04683	0.15259	0.16004	0.02175	0.02492	0.03402	0.01523	0.03663	0.09548	0.02635	0.02132	0.19094	0.14309	0.00873	0.01367	0.26562	0.16965
car-b	0.39457	0.48542	0.13778	0.15399	0.02156	0.03382	0.02415	0.02620	0.11075	0.10701	0.09020	0.08121	0.03669	0.05092	1.00000	0.74333	0.02665	0.02427	0.03371	0.04427	0.05150	0.03173	0.08497	0.06650	0.02704	0.02980	0.06345	0.12077	0.01100	0.01960	0.02099	0.06394	0.10313	0.06780	0.01287	0.02608	0.10019	0.08066	0.13344	0.16626	0.04394	0.03933	0.11523	0.11564	0.15758	0.17179	0.08527	0.11159	0.09201	0.14410	0.00721	0.04238	0.11110	0.10253	0.03616	0.03547	0.01708	0.04972	0.66529	0.69397	0.07912	0.05839	0.06389	0.07318	0.06225	0.12037	0.05540	0.08926	0.00769	0.02915	0.01300	0.03161	0.01945	0.02035	0.03192	0.08230	0.11835	0.11043	0.10378	0.12171	0.10325	0.04437	0.02015	0.06618	0.35919	0.42083	0.10639	0.13796	0.02307	0.04357	0.03474	0.09973	0.03993	0.09611	0.11248	0.10395	0.10595	0.07176	0.07118	0.05751	0.08386	0.07058	0.06914	0.05661	0.02192	0.05842	0.13128	0.13818	0.02798	0.04502	0.08951	0.07234	0.09412	0.14423	0.05530	0.05426	0.08154	0.09267	0.03613	0.06254	0.06109	0.04512	0.02772	0.06867	0.14112	0.14089	0.04765	0.05213	0.08996	0.11506	0.04369	0.05351	0.47149	0.46902	0.02333	0.05263	0.04618	0.08833	0.00573	0.01112
car-s	0.24427	0.37126	0.12037	0.10873	0.02314	0.03953	0.02731	0.02856	0.15457	0.14629	0.07493	0.12563	0.02679	0.04542	0.74333	1.00000	0.02311	0.02631	0.02284	0.03351	0.10739	0.12699	0.00737	0.00000	0.02345	0.02843	0.05086	0.09334	0.01431	0.02295	0.00780	0.01774	0.06229	0.06358	0.01488	0.02969	0.10026	0.00933	0.01462	0.00981	0.01172	0.01706	0.06418	0.09266	0.15003	0.17026	0.01849	0.00586	0.01856	0.02397	0.01668	0.04309	0.08638	0.08051	0.04752	0.07646	0.02963	0.04311	0.62393	0.75782	0.11863	0.10788	0.00000	0.00879	0.00000	0.04458	0.04104	0.07587	0.00000	0.02769	0.01734	0.02866	0.02249	0.02444	0.03620	0.01428	0.17856	0.17642	0.06672	0.07102	0.09327	0.06018	0.03494	0.07554	0.29835	0.32896	0.13733	0.18844	0.00667	0.01946	0.00000	0.01169	0.00866	0.01220	0.00000	0.00000	0.01225	0.00000	0.00805	0.00000	0.04432	0.03621	0.01881	0.02455	0.06463	0.08162	0.00434	0.01171	0.01387	0.00925	0.00000	0.01063	0.00671	0.04532	0.00959	0.00000	0.01157	0.03100	0.00000	0.01122	0.01680	0.00602	0.01749	0.01624	0.02242	0.02365	0.00855	0.00754	0.02848	0.03592	0.04378	0.05515	0.37436	0.40264	0.08002	0.09455	0.00000	0.01194	0.00497	0.00536
carrot-b	0.00926	0.04887	0.03182	0.01895	0.30317	0.14774	0.30372	0.24249	0.00749	0.01159	0.00329	0.01077	0.00334	0.02331	0.02665	0.02311	1.00000	0.72794	0.01186	0.01255	0.00425	0.00634	0.00000	0.00000	0.23027	0.12454	0.03997	0.06049	0.00000	0.01019	0.01039	0.00000	0.00000	0.02663	0.66431	0.62198	0.00668	0.00621	0.00000	0.00392	0.04538	0.03577	0.03895	0.06443	0.09831	0.08374	0.00000	0.00000	0.00000	0.03078	0.22601	0.17342	0.08710	0.11887	0.03607	0.03687	0.60008	0.56675	0.03379	0.01312	0.01162	0.00880	0.00000	0.00000	0.00000	0.00434	0.02399	0.05971	0.00000	0.00000	0.28495	0.17859	0.61776	0.58450	0.00000	0.00000	0.01500	0.03356	0.04417	0.06898	0.01490	0.00000	0.00349	0.02807	0.02424	0.04314	0.02143	0.01942	0.01665	0.03888	0.00000	0.00000	0.01153	0.01218	0.00000	0.00702	0.00000	0.00000	0.00000	0.00000	0.00000	0.00344	0.01409	0.01634	0.00000	0.01124	0.00000	0.00360	0.00000	0.00000	0.00665	0.00425	0.00893	0.02535	0.00000	0.01128	0.00000	0.00000	0.00000	0.00560	0.00000	0.01002	0.00873	0.02523	0.00560	0.01260	0.00569	0.01505	0.00495	0.00000	0.60710	0.54142	0.03086	0.04186	0.02021	0.03745	0.00000	0.00000	0.00745	0.02300
carrot-s	0.01559	0.04884	0.02959	0.02323	0.18421	0.13550	0.19276	0.16328	0.00717	0.00821	0.00000	0.00959	0.01466	0.05071	0.02427	0.02631	0.72794	1.00000	0.02109	0.02778	0.00000	0.00000	0.00391	0.00000	0.14867	0.08588	0.03583	0.05501	0.01139	0.03788	0.00414	0.00706	0.02415	0.03864	0.52126	0.50636	0.01596	0.01485	0.00388	0.00000	0.07699	0.07828	0.02975	0.04948	0.08747	0.08521	0.00368	0.00311	0.00886	0.02180	0.12118	0.13265	0.08726	0.09585	0.08850	0.10073	0.47560	0.52028	0.02692	0.01568	0.00000	0.01402	0.00000	0.00466	0.00000	0.00000	0.02390	0.05246	0.02654	0.02108	0.17531	0.11951	0.50200	0.53551	0.00678	0.00757	0.00531	0.01605	0.04137	0.06015	0.01188	0.00942	0.01669	0.07364	0.02415	0.03323	0.01366	0.01309	0.03804	0.07563	0.00000	0.00372	0.00689	0.00728	0.00000	0.00000	0.00000	0.00000	0.00427	0.00000	0.00000	0.00274	0.00842	0.00977	0.00000	0.01344	0.00000	0.00430	0.00000	0.00491	0.00000	0.00000	0.00356	0.01299	0.00000	0.00674	0.00000	0.00000	0.00000	0.00000	0.00617	0.00319	0.00870	0.01508	0.00297	0.01004	0.00907	0.01399	0.00394	0.00000	0.47107	0.47269	0.03037	0.03990	0.03733	0.04411	0.00000	0.00000	0.01583	0.01833
cat-b	0.03190	0.05238	0.11840	0.10165	0.00000	0.01762	0.01208	0.01507	0.03650	0.05557	0.02367	0.01964	0.18697	0.29778	0.03371	0.02284	0.01186	0.02109	1.00000	0.85354	0.02821	0.01755	0.01901	0.02286	0.02851	0.02786	0.01659	0.07326	0.23997	0.20391	0.00862	0.01226	0.71421	0.77627	0.00000	0.00313	0.05172	0.11686	0.01347	0.06723	0.43019	0.45002	0.05659	0.06030	0.55042	0.53617	0.01022	0.05187	0.02667	0.03028	0.01383	0.03153	0.04867	0.05573	0.01261	0.02429	0.00546	0.00461	0.01247	0.02995	0.01157	0.06815	0.00980	0.00648	0.01297	0.00000	0.00664	0.00508	0.48045	0.39794	0.00383	0.00276	0.01036	0.00901	0.01413	0.02367	0.08856	0.07244	0.02830	0.03889	0.03403	0.10362	0.14873	0.12754	0.03354	0.03342	0.02847	0.02315	0.33422	0.27087	0.00533	0.00517	0.00000	0.00000	0.00000	0.00000	0.00903	0.01643	0.00593	0.10503	0.04271	0.02287	0.00000	0.00000	0.00000	0.04771	0.00479	0.06973	0.02299	0.08178	0.02452	0.01881	0.00494	0.00000	0.00000	0.00000	0.00000	0.00000	0.05443	0.00620	0.02857	0.01109	0.00483	0.05986	0.28918	0.30676	0.02206	0.02221	0.04107	0.02427	0.01489	0.02751	0.01607	0.01181	0.27759	0.20815	0.00000	0.00440	0.52764	0.36534
cat-s	0.05223	0.06298	0.14204	0.14978	0.00000	0.01669	0.00461	0.03016	0.01331	0.02776	0.01739	0.03055	0.19377	0.28825	0.04427	0.03351	0.01255	0.02778	0.85354	1.00000	0.01617	0.01341	0.02489	0.02298	0.02443	0.02019	0.01408	0.07041	0.24782	0.23404	0.02416	0.03185	0.67046	0.82524	0.00471	0.01791	0.03387	0.13262	0.04630	0.09693	0.44689	0.48836	0.03637	0.03913	0.48269	0.58450	0.02342	0.07513	0.06740	0.05639	0.02114	0.05834	0.02526	0.00591	0.01766	0.02375	0.00000	0.00881	0.02619	0.02497	0.00884	0.04463	0.02434	0.01732	0.02181	0.02480	0.01522	0.01813	0.50695	0.47283	0.00293	0.00632	0.00792	0.00918	0.00360	0.02813	0.01480	0.01064	0.03539	0.04513	0.02442	0.10000	0.15052	0.18400	0.03075	0.04378	0.02175	0.01895	0.33234	0.32009	0.01323	0.02962	0.00731	0.03091	0.03531	0.03263	0.02242	0.02432	0.02040	0.11435	0.01440	0.01092	0.01787	0.02333	0.00000	0.04279	0.04121	0.09665	0.02635	0.07463	0.04684	0.03323	0.01983	0.02526	0.01215	0.02623	0.03584	0.03491	0.06049	0.01659	0.02074	0.01271	0.00554	0.08003	0.29906	0.31760	0.02046	0.02546	0.02196	0.02529	0.00853	0.02216	0.03223	0.02915	0.25481	0.22031	0.01450	0.02605	0.53750	0.45601
cathedral-b	0.03182	0.08394	0.12867	0.15773	0.01374	0.03445	0.01406	0.01670	0.12742	0.15587	0.07627	0.09796	0.00431	0.02110	0.05150	0.10739	0.00425	0.00000	0.02821	0.01617	1.00000	0.78422	0.01580	0.00000	0.00804	0.01995	0.00000	0.01467	0.05217	0.03062	0.03680	0.00000	0.04726	0.03694	0.00000	0.01819	0.01720	0.01600	0.01254	0.01514	0.04525	0.02194	0.01254	0.01509	0.04918	0.03485	0.00000	0.00000	0.00000	0.00000	0.01610	0.03750	0.02137	0.00721	0.05135	0.08480	0.00000	0.00895	0.07012	0.06655	0.17208	0.11330	0.00000	0.00000	0.00000	0.02518	0.00773	0.01775	0.00000	0.02091	0.01785	0.02886	0.00965	0.01223	0.01644	0.00612	0.17284	0.16969	0.01198	0.01844	0.05400	0.06347	0.12026	0.07911	0.10149	0.08520	0.10766	0.17317	0.03861	0.03241	0.01861	0.01203	0.00000	0.00000	0.00000	0.00000	0.01313	0.00000	0.00000	0.00917	0.03216	0.01331	0.00000	0.01316	0.00000	0.00000	0.01116	0.02318	0.01487	0.01057	0.01141	0.00000	0.00000	0.01166	0.01542	0.00000	0.02481	0.01477	0.00000	0.02647	0.00000	0.00000	0.00844	0.01625	0.01202	0.00406	0.01467	0.00000	0.01593	0.00000	0.03466	0.02423	0.02104	0.02537	0.09821	0.10591	0.00000	0.00512	0.00000	0.00689
cathedral-s	0.01980	0.06962	0.21306	0.25509	0.00000	0.01306	0.01166	0.00000	0.18831	0.23022	0.08540	0.15598	0.00643	0.02262	0.03173	0.12699	0.00634	0.00000	0.01755	0.01341	0.78422	1.00000	0.00629	0.00000	0.00000	0.00745	0.00000	0.01460	0.05498	0.02068	0.04328	0.00000	0.03477	0.03414	0.00000	0.00000	0.01284	0.01194	0.00936	0.01256	0.02252	0.00728	0.00936	0.01652	0.03793	0.02560	0.00000	0.00000	0.00000	0.00000	0.00000	0.00811	0.01702	0.01076	0.08397	0.12491	0.00000	0.01336	0.04692	0.06308	0.21593	0.12122	0.00000	0.00000	0.00601	0.01392	0.00000	0.00883	0.00000	0.01233	0.00000	0.00718	0.00720	0.00522	0.01909	0.02437	0.23399	0.24096	0.00993	0.02086	0.05494	0.07454	0.11409	0.08773	0.05957	0.07281	0.15936	0.25374	0.02277	0.03005	0.02778	0.01796	0.00000	0.00000	0.00000	0.00000	0.02614	0.00000	0.00000	0.00000	0.00582	0.00000	0.00000	0.02619	0.00000	0.00000	0.00000	0.00692	0.02959	0.00789	0.00852	0.00000	0.00573	0.01741	0.00614	0.00000	0.00988	0.02940	0.00000	0.02275	0.01655	0.00000	0.00000	0.01155	0.01077	0.00606	0.01095	0.00000	0.00951	0.00000	0.01725	0.01895	0.00698	0.02104	0.13308	0.14089	0.00000	0.00000	0.00000	0.00274
cheerfulness-b	0.12558	0.11080	0.08680	0.09542	0.00000	0.00000	0.00000	0.00000	0.13268	0.09767	0.05139	0.03394	0.05225	0.04593	0.08497	0.00737	0.00000	0.00391	0.01901	0.02489	0.01580	0.00629	1.00000	0.74862	0.00000	0.00384	0.00000	0.03176	0.00000	0.00505	0.05023	0.12030	0.09018	0.01422	0.00000	0.00000	0.23340	0.18710	0.55205	0.50867	0.00436	0.00676	0.05433	0.02876	0.08094	0.05271	0.59064	0.59986	0.30056	0.33578	0.00000	0.00000	0.03456	0.04994	0.06214	0.01045	0.00489	0.02480	0.08378	0.08296	0.07258	0.03599	0.41331	0.45699	0.52667	0.64791	0.00595	0.00000	0.00661	0.01610	0.00000	0.00000	0.00000	0.00000	0.18353	0.23510	0.07935	0.05493	0.00461	0.04744	0.04712	0.00880	0.01038	0.01131	0.08416	0.09520	0.11319	0.13112	0.03633	0.01191	0.37966	0.42376	0.30444	0.31414	0.41412	0.44708	0.19569	0.15458	0.38881	0.49058	0.18068	0.15885	0.28649	0.23101	0.16523	0.14359	0.60095	0.53688	0.13908	0.09923	0.24389	0.15484	0.10634	0.14680	0.23872	0.23495	0.25026	0.25419	0.22947	0.22651	0.31296	0.11331	0.25333	0.25342	0.25125	0.24013	0.30703	0.23327	0.27232	0.20314	0.00500	0.00600	0.07021	0.08303	0.04647	0.03391	0.56320	0.63420	0.00000	0.00318
cheerfulness-s	0.09906	0.08181	0.08740	0.07398	0.00000	0.00000	0.00000	0.00000	0.09780	0.09927	0.05529	0.03592	0.06504	0.03571	0.06650	0.00000	0.00000	0.00000	0.02286	0.02298	0.00000	0.00000	0.74862	1.00000	0.00000	0.00851	0.00000	0.01970	0.00000	0.01119	0.03423	0.10951	0.06519	0.00540	0.00000	0.00000	0.22000	0.24970	0.53566	0.50754	0.00000	0.01497	0.03744	0.01930	0.06291	0.05010	0.52943	0.60101	0.25898	0.29076	0.00000	0.00000	0.01968	0.03687	0.05130	0.00000	0.00000	0.01923	0.06062	0.06378	0.07656	0.04348	0.45376	0.46920	0.44503	0.62992	0.00000	0.00000	0.01463	0.01585	0.00000	0.00820	0.00000	0.00358	0.09813	0.20205	0.09778	0.05862	0.00000	0.03689	0.07982	0.03248	0.01150	0.01928	0.05060	0.08056	0.09464	0.11421	0.05854	0.02939	0.26499	0.26930	0.16147	0.19270	0.28688	0.34681	0.12500	0.09783	0.25087	0.38621	0.10473	0.10783	0.16717	0.15621	0.08259	0.08523	0.51535	0.49232	0.10649	0.06358	0.19858	0.11340	0.08686	0.12172	0.13575	0.15737	0.14896	0.17535	0.15912	0.15268	0.30112	0.10700	0.14533	0.16752	0.21156	0.19512	0.23828	0.22653	0.20053	0.15109	0.00000	0.01771	0.05025	0.06059	0.01211	0.01502	0.46137	0.54229	0.00000	0.00000
cherry-b	0.02144	0.04921	0.05273	0.06418	0.70795	0.64335	0.60701	0.55437	0.00639	0.03352	0.02336	0.07500	0.08709	0.09843	0.02704	0.02345	0.23027	0.14867	0.02851	0.02443	0.00804	0.00000	0.00000	0.00000	1.00000	0.88285	0.04888	0.06603	0.00000	0.02652	0.00000	0.00000	0.04153	0.04267	0.27975	0.23998	0.02528	0.00000	0.00000	0.01484	0.02495	0.03065	0.02535	0.02052	0.06236	0.00000	0.00000	0.00000	0.00000	0.00000	0.65283	0.54055	0.01728	0.05297	0.01438	0.03158	0.16345	0.17361	0.03910	0.01708	0.03959	0.02707	0.00000	0.00000	0.00000	0.00823	0.06626	0.02174	0.00000	0.03985	0.63720	0.51555	0.26056	0.20481	0.00000	0.00000	0.00000	0.00000	0.03522	0.02711	0.02646	0.04012	0.00000	0.00000	0.00000	0.03812	0.02232	0.00849	0.00000	0.00000	0.00000	0.00000	0.00000	0.00000	0.00000	0.00000	0.00000	0.00000	0.00000	0.00000	0.00000	0.00000	0.00000	0.00000	0.00000	0.00000	0.00000	0.00000	0.00000	0.00000	0.00000	0.00000	0.00000	0.00000	0.00000	0.00000	0.00000	0.00000	0.00423	0.00000	0.00489	0.01518	0.00000	0.00000	0.01060	0.00596	0.00000	0.00000	0.00000	0.00755	0.46098	0.41152	0.00000	0.00932	0.07306	0.07708	0.00000	0.00000	0.00470	0.01671
cherry-s	0.01773	0.05343	0.06158	0.06960	0.62002	0.66540	0.47473	0.47806	0.00352	0.03678	0.03090	0.07489	0.08378	0.10109	0.02980	0.02843	0.12454	0.08588	0.02786	0.02019	0.01995	0.00745	0.00384	0.00851	0.88285	1.00000	0.04562	0.07018	0.00000	0.03455	0.00000	0.00000	0.03683	0.04009	0.19708	0.18125	0.02874	0.00486	0.00381	0.01687	0.03323	0.04222	0.03049	0.02063	0.03810	0.01008	0.00000	0.00000	0.00000	0.00535	0.53151	0.46121	0.01428	0.05035	0.04086	0.05084	0.07978	0.09676	0.03232	0.02696	0.05182	0.04647	0.00000	0.00000	0.00367	0.01530	0.07824	0.03415	0.00348	0.03859	0.51860	0.46124	0.16484	0.13109	0.00000	0.00000	0.01239	0.00000	0.02669	0.03005	0.03791	0.03934	0.00683	0.01144	0.00000	0.04220	0.02348	0.01403	0.01390	0.01924	0.00000	0.00000	0.00000	0.00000	0.00000	0.00000	0.00000	0.00000	0.00000	0.00000	0.00000	0.00000	0.00000	0.00000	0.00000	0.00000	0.00000	0.00423	0.00000	0.00000	0.00000	0.00000	0.00000	0.01063	0.00000	0.00000	0.00000	0.00000	0.00350	0.00658	0.00808	0.01726	0.00000	0.00423	0.01534	0.00863	0.00446	0.00393	0.00968	0.01248	0.40936	0.43429	0.00426	0.01156	0.12870	0.13189	0.00000	0.00000	0.00389	0.01549
comb-b	0.05926	0.06111	0.03036	0.01914	0.03772	0.02187	0.05052	0.02947	0.00000	0.00650	0.00332	0.00640	0.02365	0.02927	0.06345	0.05086	0.03997	0.03583	0.01659	0.01408	0.00000	0.00000	0.00000	0.00000	0.04888	0.04562	1.00000	0.90635	0.00000	0.00514	0.00525	0.01342	0.01289	0.02897	0.04129	0.04279	0.01011	0.01255	0.00000	0.00000	0.00000	0.00344	0.25244	0.29107	0.06170	0.07026	0.02564	0.00789	0.01498	0.03109	0.00000	0.02046	0.25974	0.24508	0.02109	0.01950	0.02989	0.04069	0.04171	0.03147	0.02346	0.00000	0.00000	0.00000	0.00000	0.00658	0.20496	0.27060	0.01121	0.00729	0.02100	0.00880	0.03782	0.01918	0.00000	0.00720	0.00000	0.00000	0.26376	0.26684	0.01129	0.00597	0.00000	0.00000	0.04693	0.07625	0.07576	0.10033	0.00000	0.00000	0.01216	0.02358	0.04367	0.06357	0.01789	0.02598	0.01854	0.02811	0.01624	0.01917	0.11120	0.16176	0.07116	0.07635	0.12464	0.18550	0.00000	0.01454	0.01632	0.02695	0.02014	0.02789	0.02482	0.04389	0.01693	0.02848	0.05836	0.08686	0.02258	0.02453	0.01825	0.03239	0.03307	0.05826	0.06785	0.07157	0.02588	0.03294	0.13616	0.15502	0.06285	0.05156	0.03667	0.03482	0.01485	0.01233	0.00000	0.00000	0.00000	0.00324
comb-s	0.10929	0.14865	0.08928	0.07109	0.04604	0.03958	0.06593	0.03974	0.02005	0.04167	0.02555	0.03008	0.04980	0.08375	0.12077	0.09334	0.06049	0.05501	0.07326	0.07041	0.01467	0.01460	0.03176	0.01970	0.06603	0.07018	0.90635	1.00000	0.02571	0.03591	0.00672	0.02295	0.10533	0.10669	0.03850	0.04631	0.01729	0.03618	0.05146	0.06004	0.07960	0.07744	0.33131	0.39486	0.18125	0.18848	0.05578	0.04972	0.02400	0.08412	0.00899	0.03278	0.35731	0.32654	0.04179	0.04394	0.05109	0.08333	0.09154	0.07432	0.03910	0.01898	0.01720	0.02525	0.02833	0.02906	0.23384	0.31583	0.06037	0.05086	0.02990	0.01719	0.05817	0.03980	0.01102	0.03077	0.02086	0.01086	0.34179	0.36902	0.03779	0.02382	0.01807	0.03231	0.10027	0.14583	0.09804	0.12829	0.05079	0.06070	0.00935	0.03627	0.03980	0.06659	0.04041	0.03331	0.01584	0.01201	0.02776	0.03481	0.11560	0.16871	0.06486	0.05643	0.12454	0.20463	0.04206	0.05671	0.00897	0.02391	0.02868	0.01925	0.04531	0.08830	0.00620	0.01461	0.06650	0.08215	0.01736	0.02016	0.03787	0.01816	0.02450	0.05834	0.13208	0.15223	0.02334	0.02598	0.16226	0.14969	0.08710	0.08929	0.08304	0.09705	0.05947	0.05903	0.01480	0.02830	0.06215	0.04202
crow-b	0.18146	0.12217	0.08430	0.11163	0.00000	0.00368	0.00526	0.00000	0.00000	0.01302	0.00713	0.00000	0.53042	0.47428	0.01100	0.01431	0.00000	0.01139	0.23997	0.24782	0.05217	0.05498	0.00000	0.00000	0.00000	0.00000	0.00000	0.02571	1.00000	0.79606	0.03002	0.01920	0.22011	0.20029	0.02148	0.04080	0.02894	0.08525	0.00000	0.02548	0.25169	0.22562	0.00000	0.00339	0.20548	0.20289	0.01001	0.02821	0.04820	0.00000	0.00000	0.09877	0.00959	0.00606	0.00000	0.00761	0.00000	0.00803	0.00814	0.02370	0.00671	0.02224	0.01599	0.00564	0.00000	0.00000	0.02311	0.00000	0.46355	0.52293	0.00000	0.00000	0.00000	0.00000	0.00000	0.00000	0.00482	0.00485	0.00896	0.00376	0.02154	0.08828	0.65554	0.50790	0.02335	0.02078	0.00619	0.01079	0.57102	0.50889	0.00000	0.00000	0.00833	0.00000	0.01463	0.00000	0.00000	0.00000	0.01549	0.05484	0.00000	0.00000	0.00000	0.00000	0.00000	0.01895	0.01565	0.03511	0.06337	0.02965	0.06082	0.00000	0.00000	0.00000	0.00000	0.00000	0.00742	0.00000	0.09366	0.05128	0.02797	0.03909	0.00000	0.02735	0.12268	0.13537	0.01234	0.00000	0.00000	0.00000	0.00486	0.00388	0.00000	0.00000	0.19909	0.13645	0.01651	0.02010	0.34079	0.31690
crow-s	0.13886	0.10304	0.07737	0.08405	0.00549	0.02164	0.00375	0.00668	0.00463	0.02187	0.01524	0.01762	0.50113	0.47423	0.01960	0.02295	0.01019	0.03788	0.20391	0.23404	0.03062	0.02068	0.00505	0.01119	0.02652	0.03455	0.00514	0.03591	0.79606	1.00000	0.01070	0.00912	0.19546	0.18704	0.04018	0.08578	0.02062	0.06075	0.00501	0.02623	0.18389	0.21283	0.02340	0.01508	0.18968	0.20230	0.00000	0.01809	0.02290	0.00704	0.00643	0.17206	0.01623	0.01296	0.02053	0.02169	0.00000	0.01502	0.01739	0.02195	0.01794	0.04076	0.00000	0.00000	0.00483	0.00671	0.04941	0.00709	0.39207	0.55900	0.00357	0.00577	0.00000	0.00419	0.00438	0.01957	0.01974	0.00000	0.01277	0.02077	0.02686	0.07407	0.50580	0.49324	0.02080	0.03035	0.01765	0.00769	0.50410	0.55517	0.00496	0.00000	0.00000	0.00000	0.00000	0.00000	0.00000	0.00000	0.00000	0.04397	0.00701	0.00000	0.00000	0.00000	0.00000	0.01737	0.00000	0.03058	0.04991	0.01902	0.04790	0.00000	0.00000	0.01398	0.00000	0.00000	0.00000	0.00000	0.02532	0.01250	0.00532	0.00413	0.00674	0.03062	0.12105	0.12890	0.00586	0.00517	0.00764	0.00000	0.01385	0.02559	0.00561	0.00000	0.17688	0.12155	0.00000	0.00000	0.30166	0.40651
democracy-b	0.06809	0.04154	0.04455	0.06658	0.00000	0.00401	0.00000	0.00408	0.05193	0.02636	0.01554	0.05589	0.02897	0.01985	0.02099	0.00780	0.01039	0.00414	0.00862	0.02416	0.03680	0.04328	0.05023	0.03423	0.00000	0.00000	0.00525	0.00672	0.03002	0.01070	1.00000	0.71872	0.02261	0.01075	0.00000	0.00000	0.13405	0.16873	0.04982	0.05863	0.02997	0.02325	0.00000	0.00000	0.00902	0.02841	0.02908	0.04613	0.07590	0.09156	0.00000	0.00000	0.00523	0.00000	0.00897	0.00829	0.00000	0.00656	0.02956	0.02583	0.06220	0.00000	0.03486	0.02150	0.02215	0.03079	0.00000	0.00482	0.05245	0.03787	0.00000	0.00000	0.00590	0.00427	0.00000	0.16842	0.06038	0.01850	0.00000	0.00410	0.01467	0.01862	0.04397	0.02579	0.01909	0.04982	0.01350	0.02588	0.03147	0.01801	0.02844	0.05516	0.00908	0.02558	0.04384	0.07366	0.01927	0.01461	0.02533	0.03363	0.01788	0.01356	0.01479	0.01287	0.00897	0.00590	0.05117	0.04819	0.02726	0.03717	0.06629	0.05687	0.02462	0.03137	0.00754	0.01777	0.02831	0.02167	0.05809	0.02942	0.09350	0.04103	0.00000	0.01136	0.04409	0.05952	0.08070	0.02766	0.02727	0.03139	0.00000	0.00000	0.01715	0.02068	0.01447	0.02308	0.01800	0.04225	0.03128	0.02022
democracy-s	0.12447	0.09380	0.07126	0.09204	0.00000	0.00000	0.00000	0.00000	0.07249	0.05707	0.02652	0.06811	0.03370	0.02709	0.06394	0.01774	0.00000	0.00706	0.01226	0.03185	0.00000	0.00000	0.12030	0.10951	0.00000	0.00000	0.01342	0.02295	0.01920	0.00912	0.71872	1.00000	0.07072	0.02202	0.00000	0.00000	0.20852	0.33792	0.15691	0.18558	0.02557	0.01983	0.00981	0.00472	0.06027	0.05798	0.14730	0.17445	0.29383	0.32390	0.00000	0.00340	0.02006	0.01127	0.02296	0.00472	0.00000	0.01680	0.05296	0.05509	0.08427	0.01477	0.06691	0.07861	0.08032	0.11964	0.00000	0.00617	0.04474	0.03231	0.00000	0.00000	0.00000	0.00000	0.02857	0.21709	0.08398	0.03382	0.00000	0.01574	0.02753	0.01589	0.02813	0.03065	0.04071	0.09176	0.05615	0.07526	0.02685	0.01536	0.07762	0.13644	0.02323	0.07365	0.14449	0.16809	0.05753	0.04487	0.08283	0.08446	0.04575	0.04859	0.04732	0.05902	0.01275	0.03399	0.14549	0.16443	0.05582	0.06342	0.12202	0.09417	0.06902	0.09243	0.02896	0.06441	0.07246	0.07395	0.06457	0.05270	0.12831	0.07270	0.02346	0.05933	0.12912	0.14386	0.13385	0.09437	0.08640	0.09641	0.00000	0.00541	0.04877	0.06175	0.02468	0.03281	0.05758	0.12816	0.02668	0.01725
dog-b	0.10556	0.13283	0.12657	0.13044	0.00000	0.03388	0.01056	0.01380	0.08482	0.09091	0.04455	0.04721	0.17636	0.27611	0.10313	0.06229	0.00000	0.02415	0.71421	0.67046	0.04726	0.03477	0.09018	0.06519	0.04153	0.03683	0.01289	0.10533	0.22011	0.19546	0.02261	0.07072	1.00000	0.79539	0.00000	0.00273	0.10656	0.17574	0.15065	0.17155	0.36395	0.37904	0.01492	0.01530	0.60757	0.55960	0.08485	0.14167	0.09862	0.12902	0.02217	0.04776	0.06099	0.02300	0.01653	0.03227	0.00000	0.02150	0.06356	0.10313	0.02023	0.08084	0.05140	0.07358	0.04763	0.06094	0.01354	0.00000	0.43602	0.37223	0.00000	0.00602	0.00000	0.00656	0.05556	0.11839	0.09191	0.07387	0.02399	0.02770	0.04146	0.10105	0.13843	0.11260	0.10554	0.10016	0.05391	0.04769	0.27386	0.22236	0.02795	0.09938	0.01673	0.04714	0.08079	0.07466	0.04735	0.04846	0.07779	0.13770	0.04392	0.02499	0.02726	0.02372	0.00000	0.08158	0.09848	0.18022	0.05024	0.13997	0.09644	0.07192	0.07131	0.05780	0.01853	0.03274	0.05963	0.03994	0.07569	0.05241	0.10238	0.06980	0.00422	0.07934	0.35294	0.38465	0.06609	0.05825	0.05504	0.05785	0.01790	0.03704	0.05619	0.05717	0.27283	0.22918	0.03317	0.05768	0.48278	0.34311
dog-s	0.05883	0.10216	0.13546	0.13824	0.00736	0.03376	0.01657	0.03706	0.01924	0.03679	0.01635	0.04462	0.17593	0.28388	0.06780	0.06358	0.02663	0.03864	0.77627	0.82524	0.03694	0.03414	0.01422	0.00540	0.04267	0.04009	0.02897	0.10669	0.20029	0.18704	0.01075	0.02202	0.79539	1.00000	0.00924	0.01637	0.05253	0.10288	0.02620	0.05356	0.41648	0.48255	0.03025	0.04269	0.54153	0.64824	0.02103	0.04852	0.02303	0.03116	0.01035	0.04299	0.05909	0.03359	0.01966	0.04508	0.01498	0.03164	0.02798	0.05434	0.00866	0.06011	0.00000	0.01696	0.00000	0.00540	0.01656	0.02600	0.43216	0.41530	0.00430	0.00876	0.01551	0.01236	0.02466	0.03149	0.02968	0.01042	0.05199	0.05983	0.03395	0.09795	0.13153	0.15648	0.06442	0.06610	0.02663	0.01361	0.29975	0.29172	0.00000	0.01740	0.00000	0.00000	0.00000	0.00000	0.00676	0.01229	0.01554	0.09039	0.00000	0.00000	0.00000	0.00000	0.00000	0.05510	0.00718	0.07156	0.01721	0.07904	0.01835	0.01407	0.01295	0.01575	0.00000	0.00000	0.00000	0.00000	0.04258	0.01625	0.03955	0.01162	0.00000	0.05897	0.24885	0.27455	0.01650	0.02909	0.00615	0.00000	0.02925	0.05230	0.04059	0.03331	0.25185	0.20633	0.00000	0.00000	0.47092	0.41340
